$ANSIBLE_VAULT;1.1;AES256
65646434363930386261333133346331323630633032386332346663386664623866653530363930
3631396431656137396561376562623834346537306666620a653566386231623861623563336365
38326233343566666332393132383162353734623435616332643733393562316331353835366463
6664643333383736610a303664306536373738356566396266383562393161363064393133383531
61376262343134356434333437653431376238623062323031646633396438376233663235653562
32643162383135366338366334396565643061323538313265353566313732313731313861633964
37343962396534663766373433316230616239313363656265393961613539383438323839366639
64653034613532363766633336363435633638613663306261333464623838313136373332366466
35613161353537323634353739646335383831663262353163306231323032646130333332376630
36366464336231643066366463336665366136623237653938316461353137386533343563346463
63356630636362323530633838653135623963633839363130663061303632666230643061653834
37363365356230663130333134326139316437393462616263333535306433396335326639613966
37663961646339626532623037366532383664343839363435393330373564653664653539306333
35393538383739326663313765353562316334393536663462653865373430626364363866366338
36613236643333303733333261393436666161656462346666303062366665643936356463616265
35383835343035313635323364623337643762326432663737333665316564366431653937313534
62646238313535383933383164313732666164326334303738373838663462366139363839373336
36613331633438656365366239333536343934656331323431336362333463623666393366376436
38316433396534333166366137303936343633323163663165346262326363613330323631623562
32646235623236316533396361663262636162303433373162353138623031366439643531373732
37313230366536303366363330363631663663643264323136653236333762666234646233623830
32306365336164626434353630346463333165343937653465653465613534346264626138666561
30363836373430396264396132616138313435303037303433313735373331653365333636376335
34643634646435376561663162643831346231636465363761616136646333323761373438663533
62623064613834356235653436343966343865643932383739636266623832623533663231326336
61396565613935303465346531346535306362363232666165326638353330353033376365666433
39643834336637643238313864353063326438386539366438363364666431633331366466633431
64353838653333613361303836623536336137393532333335663534656132663538363435353337
36336231323833363633356665393863313935613666373030313939316338626339313961316461
66383764313933633338376563363535376132643834633232383961383564313461393566343834
66316431343931623265343963383366636635343936373264336233316432623739383266393166
62623165656136353834623561356563303766623564623437333532343338333865613431616266
35643665623264613132363731666230383837363132363830623864653462353435663466616236
65396634373561333936383335343833383931303463383366336261623630623031383665366239
39363438353265383933626233386363306264663032393863396233636139393238356130383964
63656561326335323236316335333965333864343037326664366265393463306237326163633662
62363262623839323763363763666437326632383330313832353636356230343332303261643165
65343061666365633836666562613438316434653932643237383732653264643630313032633034
30633035323665623335663361373133363436653236613261383035303538353633303166343638
31643833366331316633613965623735666537643164343865373132306335393665623835313361
66613434636230656264323232646437336638393339646362353061663336363238363866343531
31353865383965366666623132353331386361373664323235376462343033353161643765363835
39616231353433633538373639613866376465303865333834613062636632386132613465333262
30306464386364343761
