$ANSIBLE_VAULT;1.1;AES256
66613961613761326363326235363831356138396136323138393430313031666261393637343966
6531363036636136396262356337623962343835346633320a643431386465363363633033396163
36393735346338303734643437303633616534343236316431646464616361616362663139643264
3764643237373232350a396532656435373633663432383733343736626532326339306166333634
30623263656539656138336563313063666366643234353239663664616635383032343931343264
31363862663536623463383939313463623266333633343931623863616232343435613165303734
38366463376331613535343937356536646264333930316330643665663238646336353664663035
65333332313530643139313733393066343366343435616661336464623861373330356234396231
37343235656665333838656162306661363335386562313038356462666536303135636632386133
31666230653830366362636564303632636662653766613161633664373230386630343262626462
63326562363537356165333231353032343766373834643432323531396433643130303565363439
34613062373231626637383033316462663035633063343961643436636636643631376663643763
62316537323039643431316439336532306431616639336431663164373638373663333431393065
36336365303765323632333030333431343334653835336535663831316534363035313037636264
31313237343735626539393936336430326261646164373066393032346432353333303135396132
38623161613434306338643936306363623431333035376165383635363932626237643566666464
33623130383439336136613966333061343137366662346637326535363030656339636635313230
63323361376132653634626431373636643365623036393533616239363764616262633037643234
65653936663134376633386539313464663934333336343338376132656663653530616561363336
36626666346432366663393039356431393832653961376662626237663037323063656361666466
61336139313361386436346561373762633463376538653464306430643736356465366636343032
39653962376537336233363532623136366239313431613937663334643764323335333766663964
64623339623264333835393464633538306534313436383632343136663861366534303034336166
63316335643830373561373138393838373332316132653666663261386231336263353232633362
34616135373361333133373434653633383536313730376163376538636366353433333566326237
32396465383232623839623438306564636462653039336162623039633563323232356463633662
37633838646164393339663638326663363036346234363361366236636436626531623535663839
36306431393239313736653837306439373331616532623033353339653332346334666531393964
33313133613739316266646432353737363366363435333630373932353262393532636266313666
63303538346631326264633035393363306165613063333038336630373139643231333661353465
37393839633636373238663835646635333733643466656331353733326538616634663432396564
31653865636364663732383563643662623635663437346362613463616337343535396232363863
34626562363665363330666361336165386133323131353262313636373165353031333836316430
31313534336365623334363062323435396431313333323233316661306434666365306630653563
33646530633734383838633631663539643763613662303832343332633537383466333436646236
66646230303262646534396661653365393838303563316362386536353735376439383431383531
32333765666335306331373039333966643462663134656563376662636331396465333334306162
34366332653762666431353232626632633738626162616132363863376537643139663066623066
34393264303463666339636631666236393636303139386630623963363130336630333238336637
32313339316563323964336530623762343061366138386339633165333863363534336634336436
64616661383732656134356332383532323830333465653734616430323936346132346234356363
39643739626633316661336130323032333539616461393234623666656433343265336335646237
38343063626434646230663964353632666430386139656564616366343638363033636230656563
32663738386336643334656136653237363937393966643036306331323638353330316635396537
31333461356662366432373738323132623236613330643061383866626130366164363032383161
30363331323235356438383734663366666531653865306235336633626131363962616535313361
63646561616361643234326335383137613632323538396662326634376438653238336336653434
61616537336664626637643865316664306364323338613535623663373764333837356437666264
62633939383562623165333339333566643563346335633434346130643832643264383730316337
39313465326465613530633430643734623564643566616438303466356465313864363533626139
35373762363531303332633237306462616334626232393562363033316564666232623133366466
31393935386135316366313465663965393939323861383861643232356361373131346664393034
65636434653536326662663938626330346262626562663534656236666564366636323361313336
31643432323362343931383562303734323930636631386638376636326364313936353930383763
61643232653136363336393266386234303237303039336331656534643037653665656439396432
30306662306663373639633530616430663933616635393038313861656365366432636466626532
37363239323562313437663633613562356361353738343765343263613563666363643832656533
36353766333361663764366366306133353530343236363733356466636165393432616131383935
35393833323033613233303335636238633738333361336636393665326233306434323235333763
34343837653533613133333865666130383035373439383733653533623162356134326532363566
64636633363231303431363933626334373932393962383330326363623066663038363663383836
38383164643233333966633466613939356434633733386666386265343666373538666262643863
32396166363239636665613164613965393038613962356539313835343234336331663662626466
37643663326462393838356436303136363865616166376662383535363433383737643238393536
31626663353334306164333235393365376433353232383739306634636463616138643439656236
61333735383038373339313064613662636361346364623235313137313532336365323063663862
62303764303631613565653566343238613134316562663534343336663765383235313062623639
38393032656365383565383264313139653435333232316131326264323034663633393762373039
31386433396533333465343532666139336431383562383933656266353561666334383465333933
64313764363832313630626134393133393561316535633536303830306634313635323064616332
38666463626461666130666438316666336363646236323233366662303866643336383664666232
66396263653461363064336464663037613730636536353436346233623730323037333438306438
63663965306661323339613636336337303861313264306666623965333839653132323566396535
63353863336637636334383136666639376332396166653232346331326332653635656361373364
37636262333561343937333132643765393236616533336335393031353264646534363039636432
61613062616332663064636638613036643532666139666464393463386235393932363836366631
63626666336233333135303266653436323962343532303431316434613162366633333839383334
33396638666566373034636162646137366266616461633633643637653062386363643032363166
66346436306337316630626137353263323737623265313839313866396666326565343262623535
31373138343934376161643237386637613361643066663262386230383939346533646363643535
39303734333332386364616562376661323465666261323639333566383762653861366238343230
66626634353762343137376532393861363332376663373230653539626538333939666636313539
63633261643336623730663238393030333830396435383636323039613230343936643264393637
61346263633135393432383061633731303963613230303163333831343533313535393261386165
63653662306538646232653733306362653637636336663661386137626231383561323664663865
63616566663364313536386437623334343062623931633762363638643165326337636462653263
30376163613338616561616265353739313934363762633231643535346362346639373034336563
34646662313139346239353638613165346664663636653065383631313366626130306262363435
38363861306666646634383262353332373533333430626562643366313531373836643766636664
62656261343633656561323935363734353665623132306263303565323566373031643561633564
36666430663533313230336465306339623466323235663230613330366634393561393831653631
62633138643636306264326331326163363166373366613230343035626362316633393637313964
35656464363563623835373463363130363635356466373930656136343431353061656263326337
32616633346566356537353361623334396161653066633436306563373434316533373766376634
64626533616332393431616662313465366139363830353230636663333931346466306164653530
31323732643138636331383538633861666434383964323932653639343033363362663364386537
36633662383735633361323438363161653236366239306430666332623439653462353131353764
63626433303136356166393933366361303133313363343933336364613466323065373565663965
64333238366466356335373333336132343862343162323862643234656538656138616534313965
64646461373534353832653735666265323033613233646235653931366162363431313965653262
35626462616137316633663934653836623036396531613562316661623764643039666337333538
39353934316333613538373037633961663061376234393463623030656632653335623830663766
64633335636231363262306361373936626230383936383232396366306665323663653437626232
33616461303361633161396264653134623961636364303561633432356265356339333665633937
62343439643763356435633361383532383534623636313564313636636339323933643133343832
62373134616361656361363335393963626532326638333265343631333038653564323665373939
39373335366337346237386134376237613865623533643531393362313965346231303762663466
38353462386263366234336234346362363837643636356632666262396164363231653038633864
39366662383135656631613932626263623536376636323332663563313233653261616564326339
66376231623534353732613938313939306233616133316239346235353539633465656133616531
31316133336133316436663765376665636663326138363466336536616538636531613666333166
35346131383635376239653432613762646461626462346137646561333333356435656262373733
31373035633838626364313361653836666139363336396661643233386530653635626433353837
38356137366534363966376430313961636539373639643732366463316365636531653833316264
30313033326637646536366235343738663331643736643733323130323330633364333937393034
30343333376562646163653563663062616565613036623065363261613038396439353738396138
35313133636333326464633465326536623162326532323139613161376231316463366265643331
65303234626162313434326663633966343639386231396530303537343565303930616138363036
39316366393062393136376637333563663932343733626433643330653630376365306265393135
62336438616135646564356665303666633366633165353330626333636436393530363739336538
63363361313630336366306664613438643037623038306633376535623837303234643536303937
30626130623335636232613732363065323634646336306634383836313437663235616164373539
64303734626633613134623063633239626162666566306631616165623738366461323962306137
34356563643436636234333839343730316235383866353263333264313931666163636439333833
31393366643330653064623631313433616130646664383566383931313439653237393235623464
32306132623035393533346364643534643965383661306566306636353665663165363435323662
31646539343032383965386462323633393031396363363964373161636631626162633530633233
34646139373831353966383934346239393131666563353739333432396633336462653038643666
38663361396565363330623639363233376339313661336337613032373262393931306434336262
32626233626230383161373665656636623632363062323630643366656362663835313231626533
32663331366236636666616232663438626636633065393133633630623363633263646463613439
61356131356563613236636362366665623536346237633032663738383635303930316461323336
66356632656163316533613536306165636637333565643834616637323234333436663632333333
39373730343736653434313336396564646132653163333766663266663761633332623365336263
64323964376437656638393730613231383635613238363230323335653563623439346564333538
38313862636237383138656166663534633639393333373236663232386564633931326262643331
65323934353166303533376362313739376562613266366438633131616330666338323861346630
34663936383162646438386234336238396663616263613638336431393461663934383666323561
63383138663163383361323330656232666434363837393631306261616333656233613038616139
31323530363466656234346264386262386563656431336634386361386636326135646336363636
39636235363130383938636465376530393831636534396239303034353762303635663062626331
61326564333732373437303838313465383162666661333636306466353038326466353532646262
65643535393139633463643933313666306139383162376265613264626439643266613834366135
37326139376330646136633638393436353162616566306131343835613539613165373431393335
31633536383566643564306161613637343739646633636439623937396531306363626538646236
39343765393238656539623764623238333833613532323664306237306331643139336164393434
32396638643363343837303836303338386664646332343536336362653961333266343931376665
65336136383039343636336163363266323032653932623837326430626433303834303835313163
65323938313932366263326637633734323462343138626364626533666165323432653734663434
64316265376431643631396137336534323633383961323738323137313739393063636563386461
36386634613532393034393365663230613937316266336232366132366163663930396432623564
37313666396539383133313532306562356638633032643535666335353438386430376165633037
32316565353330356364396161653330646330333339663236363663363439633731336261633133
64346565613062383361656337313735393362353238373331663135303762363064356337353231
37393961393736633837626339323132353563336636383830333430353732363833346532316464
39663630396330663761613364383138373334643064306463633932313034346331303762303431
64656534353836653463303732343262303031363164613338643931656665313565396631393064
65316263306638383831666537376237323063663065376235333334386138653631343032636139
34333761326232656533663539653738376632633934646363396334336436663336343839376235
65613135346437626537636133323835313034353832316538383437336338343532393963306535
31336364353033356139613561643631346164363331333162353732333663643034383733343535
64633365636165643663313931363330316561333333346239313335303235316431663436643132
30343137616364623734393466653262663561353137333261326232643361303639663465363762
32353766326461326238333038316465346532313966323466346561313135653339666662633165
33616437653662303937633862346265636166626363353433373833616332353931613731393734
37613566393163643136383230313838313865613236346263633663643265656564653365613735
35653862393538313131303531363331353336373334393466613036643339313738316630303764
31643564393831616531613162393933356436623261643233393263353736303739653739303033
31623738353264336466356164376130653334376238326131616266633130333532383766643636
66646333393939616136336535363339396136366632613066663162636437363835373166333635
62303462356137363463373738373730643134353238653536323861383864386530616532646366
35653439303331656631353337653933623766643030313030666362323330333632353065306336
30316364323234366333656336356335366335303132656463343362663632373563643835323032
39383937613265633663343636343738643232666337643837376361643661383863616464353164
31616639656162376332646130663362646535663035376464393631653736656531393266643739
62303031396365383731336536376664653937363838616466636531343666366563633736386365
63643364626461366131653964316565333630636634653465623236303032373739313237333239
38306664626230323532366461323335326163333836613431366536336531323931343135646465
64656335386437643735633961393966663631656161323364353737646235373061616262323031
35386363623665386433313063336134653962376363633364656636326532333665396535366135
30313838656330323365303636376166326339386231636438646534636232303832333730633032
33616664333833636435623963393633306438646339623839326439363339653538303762643834
65643864646639363935333431353162653130623766643065633332336331376538363163316265
62393037353765356361643733613365306432343931393836613030316430343233636462656131
34303137643066666630353562626661333765396130653835633936346234316162336532613135
64353236346636663935306136393630376164373334333465656361643035366364666338303661
36333831373631373939653538643034623733326561353361333739643430363037356330393463
32333035326632653130393762356663613539336232363564643362653664343164336462366461
33383564633432623132376230633863383430393633613438303331316536333832643164346335
37336537313361313562356663646365653461316634336132316235373466613962333565353537
64343661356661303066333539346634623035386435363833356466326435383835663135646132
64336334356338396162306561643838363933376638633366653035666130343436393336376366
38646236646164343065656438633132616461386530373864623538643037333562303432636335
66623266383561353666306365333261316564656532316337313062383836653461633264333836
36613930356163616337356633643434656563663963666433346335323835373366323739353636
62316563363235313138623066383430356632643261376565656363336264383531356637623666
33396137636162633335663732336261326338386563306532373765386437336239656332396531
31383534353064303137346566313031313861306336646134356164356631306531663735333737
32376232356237666438356565373538626338373166636133366631303865626162353739643237
30363337633638313233376466333237646231343262366665303339333831643666613536626666
65306530316236393733663836396363393138376136626138626636663732373732306266343461
30363034366365373330313331663830656631373536306539373063643063666236386266353930
31366233666438363232653365646437303737303466376562393535346266313436663537313032
39623134393737623761383565623834656432633663366532623531363366323461383434373437
64386537633333633634623831323330346435396230383066356531306364636362306466306337
33343266663639353361393030636337633133333264613538363032336430373664626439343265
37643465383035376263353962623731353936303736373539386234636639643861653934353535
61363234646637326338646362613539393065613938656537363236323830353931623761623061
33643165386439323638336237333762346633383834353862353364383861633033613137653737
39336436343465343737663562653266633461363764616238663730343339353764386363303638
62343234343633646564633731346533363737313566633161343562376335633362636332636532
62333634393065613033383534393530656233326134623561643338666362653832333736396437
61656561336133666533656463363963643264313938613266336539356161626639336264396138
61353561643539663665336634653931616366376436663135633061323533343033616166623132
61633663616330656165336662633336326335633039633331623766393462333561396161383764
66333733383465633265646163313866383634396538623764626133633462666134383433653331
39633262613863333335633761356433633033386264356635393832383338303365616364656432
38343461663665313561316531623462316166346132343135646539326239343162646161643336
61653264393234316338633263323736323138666364363662316333626132383465393764393133
63623465363238323739333230666463313936396161623261646137363332646466313763323266
62376239333265393637653832616633316562373432393139383338333836326430393966363132
64393966316235396231633966633430633431666437643061313264333737633139666261613035
64346631343736663665333863626266323966666536343735653063383663336164316263363230
65393163383731373932353032656337633530393562653939656163636337643931613666303266
30393736396461363135396335653939643162663735653437646266613534336238323566623364
62376232376135636339323665663563383930343935656636383763326563313961616534663738
37643265306437376263643434333063396537333062613061653730353061666239306239376237
65663662343333633932373131633639653538613233303534376266356161303765633761663561
38623465623430303933636633633739623534656362656462663638373133326461376230643364
63636663376635333130636339613037353564346236616338376631653638386335313562363939
37356631306464666564333066663261313039313665613435643762656263363730663864313661
30333334363961633536656263353536366430646263343363653937323463646335626534376339
38316435363437653161383931663861333361346234353065343761373330663933303366626163
36633531353234343536626539333161626264653261343236303663363434366238663538396631
31393936613337356361616231323233633063376139626436376430333639633137373938396331
39336232333933623365633763386433343639636537633565333138326634643164366162313034
31636433366165613861373235363164656239356666616239353436666534303034663563386566
31373364623763363661323930363632373033396536626337393033333033326436343430653963
66333361393630353436386662643565623534396133386435633139643435353737396635386432
39646666643465613165306633653365316137343664383865393539353664663835346662613262
62646335353131353765323538656631646537363437376435303738633563633138646539303864
39626430623465396135653064346265373065386436626233336161663935306562626365383235
31313134333363326337313132633838383134396530303361623365393839623134366366383439
33356562303736363062666266663165376464646636323839306666353761386530333362363039
33613165353636656566656466373566343036323839313762316565626162613736363165373234
36316232383538393236636236666239373361373665336330383262623861616265316232653637
36636464613162303834333361343134323136616165336161313631303734363736646562373430
36393063653532393763386530373638383063363731313662616539393862353438623665373066
39613661383538326434636636616362323739326131663466343534623064343564303333343332
65363133396239336162663936346331366233383036383464303236363335323536653933363030
63393337646131616465616566373336356635613162643935643235643462666363393632393362
39376466646264316238366262613635626461663839303662393830376531346335333539656662
38326466656466356463636161386236633035343230313333653732363138353665323237623161
31636666346261333234343362376262393561393837633732613237646330376264613632313736
34316366356437646363306332376434303032323830373366386437343438646233653738366132
39636666666233656230653332313332636530373035643131343133323661383132306563393062
34626163366231363832373335643135353232383932626366306539313562393061326631616337
66393539663763626633653135333239356361383937636262306361336537616565643565366363
63643631666337326435326130343936366562323462356437666532653338653463363465373865
39643432393733616366316434316635646363643265623030633665346364653338366432633163
35636433663163353764646539623063616239313163313335633230323434363335313532653532
38613063323261376365306265393930393765653866313532636564323163373934626361663939
62313764383466336335643634333631386434663561303437306562323562646261633265383430
39653464376333363538303630386630633830363364646261636362643933386566633834313864
61393437613739643766626363363337323964376366616163373032366633623838656534616139
61663765326534393836366266336433363963343638333333376664616266396338613462616134
66343036313439306632643161353362643134373265653263336438353138323234383434666234
66626438666662643933653866333434396334636362306264333633643365653237386132616631
61316131633037353166303162336330613564303839303734373339353061393361306231363135
30393261393061363733623566323332376530653931316564376138356566663234393536323536
35313064653837623864643266323765346134633731383136613563376432386462313765363736
37616538613663363739363437643239393865643636633935356635623330613032366635666264
32336339356637613161613131383966613534353231613434633531666365646131656239343864
33383733356164666136386534333134626138623933643962653963623364623936616261393463
61633663306336643434663636643330636261323833666638396635626338643665333465656135
63646265663565386462383461383263323930323935393238333432623164316363663162323539
61386532343630373633396539363763383632343566373435393032353733303530383663653030
61623761326566306239616130303336326231333636663763333964363863393030666133396334
66363334363539333938366534353733343866316636303364306439636433663236353238323431
39323065386264366439323330346539633266353039313835373563363263313435323862356663
65396165333838363836623939663939343161646634356234666663306135343330616532396565
36313565323866343331633266383136333332313630353735306530376235393338333639653635
65373466646632326665643161386365366230376534366561336131353939376139616462613765
34633361363634353539386165316133313066376466383439383265376337383666313734633364
31373933393663346431626334363639333239346330633466653234663333366464393331336538
30623633336366366539613634326536333935666539636235333961373463356537326634303665
35646338346563336438643463353362343463396361363630376364386133326130333433366333
35373232613939623265613261343466393731623331633866326635336132643132386162393735
37666165356463326430353431383261646635356137363535626136333133396663363833326364
61643361383764336233623230663033356165346162333563656163323134663363396531613932
37383430333563663666626433366430376366646635313038376365303061326134623137396164
34353736623133313434383537363463356538663632326330626139656562626233396435663563
31643964333233333131313866393665643737653533656136663534386464336166623465336466
37616636313764666634653961613133386166396635303638626166646535393362666433396365
34396265323630646561316236323862356536646463653964663637636362303362623166633761
66633139316430633339343461643462333531366632333330396138653638333536313832653862
61303936333663333637663635393738653764366661343038646561653333656166356563666335
32356163353836353161623863386232323937623432373032336164343365653066313337333965
30383162656665383933643631353034316430356331626161323637343161313830653936316331
64613339313635343730313731326365353330646236653438613835313736333235363761643438
63376332313038333832353061656435303734656237653566356437666461633462636137616463
61666463613033366137323263623136376365663337363635626230383038366365303964363436
36373433383365633566316563656663313162313639373061616238316533383166643032366138
63316638323933313233323531306562343063656639663966623230623363653163386438333536
31663437393530316364306530343666386430393961613233333765323063636431613534336366
33363261653862323035316337656564393839333536363566666266343332393138366439613162
32316633396432383561343331353132346633653139313435633234646634613063623864366464
35396563393537633837313835373430363330663532343032383764346437366266316134363561
32313139363435396265646363303730653237353030356531363238613339313737303364646235
62653635376639663733316232303335653332343834646366303537353739373331316634633637
65666263373035383466343762653139656332363131313831656664633433386336383263663264
32666138656261623035306535356432363437613836656332616536633138316338643232653863
30326430346363643162623836336632313238346338326331636636346636346332316535356165
30323034616434663236353830653762386433303137643666363163386164653332666534386437
30363530343234623730663666613866303463626638323061383030636230613233336237356364
36636234643238653731386561366639363064626434346331353134323832353063613764306538
66653736626561383633333434333739633538333938396438613665663336316262393764326566
65383334303830346432633463396664643934363931346364646134666166356462643438356265
32633638623833376436663964333935663234653561643238613336306230383565356363643735
33643164356239363834343037653831613265393664373832363230396134653738366437643463
32373665386330656664373463353633626264383632373830346265396436333039366239633234
61633764373061353435373639623138643861313262613539353832666662376433383430646539
64306464616639306366663936663365613336613930656465346635353330343438323130393532
34663535323366396335653963646134376136333066356330373730663263393964616434336462
63313930323331336636656632616466393565343634663566363131353566643431363966626533
33343066343832623566623464336466353736383335656137353335326637613332636339636135
61376666373237663134313737653339303833646536393336636532666438306232633338633965
66396334366265646437616439623935643439393661396366316130633139393932636432313262
37303835663733643264343732626531303362353364333230363562613039386164353864376538
35626561383135383037343361323039636162663637636332646164396535396536373861393132
35626338333433316431326632633731323162373337633232316262383134363739623936346436
36343331626632343466346133653538663838336163633134306634353261623366636130393135
63306335393737396637636563623162623637386130326664393930343832333262336163393135
37663061333866656437623337623962353736643461393363363530323163613637353137326563
39333833333637333363663439616436636561333937613666656362366265653136353431633834
36376164363231653231633030363136663435656434376130633431633665303734623866386536
61633532303935306431616436376131323965666630643130356437383562336238316364633263
32386536613635306535326534306139633063663431613765353861393638363736643830633932
38343835353435363466306235633866656433323635323130346539653835626632333031376431
66356532373438643234616532623733663162653236383432353331633431646535646266333937
32633537663433666134303239646566373663323638363936383733336561373039323939656463
65316261646163633361653965343134393062303064323339326262303565313139346666333836
62306633626432636666386337323861643536393962626334386161303339353461313137343861
32626261353361626661346234323063346432393035343530323166393636663738373266663465
63663433313161613034353839623838643135643738633337633334393437356431386661303163
61613766303764623637313062633966613737323831386561616431353232626433633366396639
63373236313632323239313436343562343062383032393139333334626365336632383437353961
38316439663761656535663863663736356437633337333231316662373039636132633433646362
34323565666437366532653537666339336337643636366632326432396132313762346261363332
36343937336235336361633466386163356236376334633863356164313933376436386130666165
66346538633237626231613961396435393231343463376133303339333862326336626264643134
62626333373436666235326639383032346530626566663130663335636230626236663035383630
62613331326665343735313365636130666238623632346163366533373462303663313261613931
32323631313731666166323633633564666430343766376237343164353662383766356438336266
64333836633964663838346362613265646261383932646563323566353032346166323234363533
65353338313139396431336566306238643337393662383039356330626432663837373262366339
33343862353033616638366361623839363061663661373133396637346665366264383337643537
33373331373864353161366335616661373936653738313932353830336565393365623765666166
38323537333636313938363964333439626631303262313032643634366563356230653637323038
61323439353539383130383430383636386266326331646435393332386464396536383034643662
63356338376637303330383361346562666535303866653233346261623761356165333133353733
63363862346136303636343536613636613237326330306630623664393665383766323939613765
39333964616136353762396539343330613638623661393133343463363939643565666435336430
31386232396432666432346564323434653138323863373963653962313836383566353065626538
32613237396365356331656530333838356331633265326334316237376664356335313962313232
31613636333666356334393839333739326564353130623863616137353562376132326534343933
63653836373830353836653831346133336266633936623531396431376434663864646532376461
30343230663464343830636438353966303865626163633966303735613034663038346230336236
66613631343734613334666430386232636637396132326165313262376365303438626236326138
31343765313263653034323038393730313764306335313438626339643235626166623866653735
36623939633164656263656239343239396162383861653231356633323964373862323235323035
61616532613862623539366563306431633362313535306435623134376130363263303664646532
35393038613935333832353564323930373064666230636563306638346230303461633363363262
32323164353133326534353638633034656435333961336566643065306337373037393862343330
36346634653338626430313633353039373836346338313431373465363937313065363230643966
35396263633036383335336564633630363732373839656238626431656437333863313465363532
63643836356566363030633033356338663866313263656664396337616237356131373539623732
36356439333666383966666437383834663733303965343731313036636238666431383666386461
31396365376230343935323665623162623761323235373738633434366136373433306462653066
61343739353834653131386635333839383163666432363636643063613737326566336638633132
66646563623365663737393638333034383864373639373432393639353031643635333734343363
38376465633238333631373138366230633739623432313436383466373232376562613762393566
62333464373033383066313364333230346135363536303063376637303366366535663431376630
39653737323162306637343162313265343835363166623732366335353163343835623931613862
32373831396537306631323961386437343765316433396632316135633432386566316434653430
37613434323638396261643161663836623432336236346435626362343562613437383565396137
33323663356235653830633432663134646336376533333761333864613637356661663739333731
64653262383836323332303536366336363537613365663639303533323731643266653462313466
65306339666138383737643730326135643861376331306461356263316434616566323435313966
36613063303735353931353036363761336534326138306665623665346266386336353330383638
66306562336137333337356361366531636132643466396531626334333131316666386436626163
30386630376366373263613638643262663337333330326335326666383366356462363538393561
33303137336134646465346663626663633030653836373763636365663732656531623530646165
37626532626537613339303638363536326635393966373531323963363938646533613233323861
61623539383131663033653661623838353733373232626364643030323836633435666365366134
38616433613362373037313634336136303834373333366266666466646238623763316633396136
30633964383436353934393361643661376433316364343433656637353839333966383766653264
32373432383562396661616238303832316239363931646264303032343262373733333036346635
38303864656431663463373161633665376165303639343564636633383138646537363465356366
39346662663833303832623330623633653936366236323235623139376464363562363733366534
32343437326636313331623539613530653463616365376338376261343630623737323033343533
63333238333236663866336466373035656131393536323736363138613933343339623461613431
37343036316631393730653465663036613937636462333464396365656563636531383631346365
30626565656465656430363933366131383935616334633733313835303839643266616562633831
35636362366230636532376438393834333233666131313863393063353938363030383662633130
38666434396335633761636165383239323266333938393338613035393938653463666265616432
31633231343735386335316232333738373931656565333334623666623533383934626162643437
33363835616331626234646233323166353562353835396565643963646631613931366531303763
66666331336333323235623331386134636333643263636239663463386665653036356235653261
38646662326565363234623761356538396138363361666466383736373434313264373764653334
34366637303438616133636465643133643264663930393636383131393663313531383563636131
32333963356531373034323330653064666330363133616366333765353839366264626664386438
65373936636430653031373532653334623333353236363964646664643939663932306534376337
64383066303633346639626564363430323539323436376438353864353963323632633530666366
35613463616332366339313330623338323034623331633666623464643566396230666164333064
34376338626665383364323335313333656332386433653035653663623739643839336663376366
38326638663530643230306238393131376166343833396264666336666232333237383939646464
31353566313930316265363965336465363263383364386632346537366637653865633239333532
31616134326630323031626134396264373834373961633538383433343633373030656164666264
65653837646430616139346461336636636534643936623137393161363832643930663736313132
34303539613766313265616361396633376236633665636638616535373361666637363361333565
33393661396330373063656335333364343137663031643732663631323961396662623262653930
66623832366635326235623063303830313935626336626264363366393366373261663833393263
61333365393236653837363039373763393838373165663062306231336532653866386637306437
37656138646232363563363465653033383564353338643836626432326466613531363038386139
39316437313737346539633764366664393539343234396430363330613163613665326266653631
64346232356537346138303565343062363731363066666532343237353064633662323464313735
34636538323162653463316463323666373338363834656130356135633238383332373262646333
34313864383431613035366431343931663538323231356363383731333232323732333565663364
30653632383439636636633738623734336535343663633463656138633433396664316333363063
31653333303331306262353830343963623432663934666437623234623933646435343464316235
37343563383562383438393662633533616431356261343039646131303066333063353639626666
62623633643065636363323536633766333032333462353338643765643634666436353331376130
66353861333038306363306262336635636639613463636337323632633035316532373663326237
66343934353839383132663264663736623864613739313435333137336337626435623734326665
30346662376537663630333362313335326164303031393039313165643137333438346233356638
33643464633662333939633233653334346137643535393531636561653866613335316332663665
37373938623262323164313866366437393562626537663436313238363733393038303830636636
37383534353431343532396332626230313933363835383135616663376465386237636362393862
33613436373634613537663266643132333038353637366431336236363061653130626262386664
32356162396531393665633930313037313034633164323531386136633733306334346639383436
38663333376330373666323265626238643764633663663332623164666237373061613062656264
61323661303737663564653332393363383430376364306633396238633338653265303663626333
30623539343536336431396366613864373432613631363064323537333937396262666434383966
36653632313866383932653139316165343264613664666439396338356337366434633839613336
65643661373530353230623964303631373563303839656131653039656330653164623061383636
38383136316235616561383630613962383466653366386536303661386432396436363234613264
32316534653234346436333432633338636130373238616162323832373232313235316439333036
35613464333435316639613131373365643637386234326137333432343666373130643862643333
33333535646665396533373833393263306536346666623965326631666530333164303031393065
30363234303539616266653833393239643131373166656632353036306536623661663131306565
62383732653834343232343765613238623934326361653666356533333437313133366131393936
64613730653030663634363665313639353732306335376236663235376138376237313539376630
33376163316235633936353938663266656134363538613839326231393834303338303438376533
61363132353965343234343431353033346263363838646532396138666161616439336237396533
62373362626330313164313735636433336234633038393831326437303865373366343562313239
38336364313264313539343437373433653333323538623463623536363431323166386234316534
33633839396238613162653231656532633563383830373563666266666331303334343966306662
39323235333339373033313931376561643561373939663965393235316666663338396134373131
63336565333765306139366238666561336664353863616138313636323534616630373335333161
34356534383365356262303066323965643830376564333065373939316539356637346333316136
62353162373466303161383535613932616539333533323036383538646430653339303939326136
36343735303163653637313966626539353035336532633537346132623839343737386262353134
35663937333465636630376162306531353335333334663538646130626634653138396638663031
37613836313334663434363630303434346238653136643538613539313264663162303732353530
32623261353734623163353032613838336633633933663261306131323266303261303465356363
62323336313263316432613461363432353162633664376333363733373563333065303465373666
65343634353965373539323730313931626239623436393864353831363639623961313535323363
62643433646537636432623834613536316431353335613564633232376565386635383237366162
32646637363936323036646133303534636235353931383933353632616632353038343839656661
63316663626562656564366462393439366330613033326139356466663638663831613235336566
31333838323566373863623961643933636131666562336130653030353039356263363035346635
32656132356432643935343431393139353864323637326537613132393162643161363863666330
30393462363266353161383164333837323437353934343638646534393464336133366631633534
65623565323461353134376663336535383037663735306162383536313066613065626461393263
33383465373237616635623836653463326161373063323935353830313364326335633732316265
32643961653263373631663366383232616161323966306530616563336464633263643034393564
36323634643631346364636139393638326334336232316561636262613764333264646230316333
32316339386532653563366365616336313133653063353032663333316138313162666166333433
37623235613438613534323731353738343836313964643263323962346261376436653239353535
64616435326537353237653831373966653738373538663536336239663039383163346132306434
39643532656234383331346633366635636230393833376463366334323962363830303639353439
64383838353639333564306361383436343266366434336661633662363235346165333538303838
37366331343036303336643835643466373533303163656430363164643331663632306634613039
33653564386638363336396235633034386237613734393536396438323266613562633239366231
64383363646436343233333133666636303938396566666330393031396564316636646439623665
38393838643834653738633866626337333232346339653061393862323436366562643464646138
64326330356239623639393266363866326431366239613833313332666631663761656436313161
37393134376532643666346464393235333132363461623230613233613134386161643538383365
32633233363238363834326631363561323234343762346662666561326138383966353336383838
35343234336235356333373136633135623436626565376665386661656465316336326366373836
37313932376364613466373166666235313936663964653730626138306363646335376636313538
32613063653234616161313762346638306637353637316265363332346436333361373437393838
35653664363439653063356531633836383032656533613533356464643166353532633935393737
36613462646263366333366662626337303935313664363230393737613730636638356636346237
35393865663563386235313566623438363564663832316462363864656530353731363663393738
30383838346133353461613466383062613334353664313136633134326134646566646134636132
39376634393764363734643961316634363537373762313531363666313731383934663663653963
37316431393939643764653766383062623330646533626262376666313264346231383566323939
34323464356233653836633435343936393034336235353631666537636263366436376133396230
65373839626330613864363933663762653934313162323938333930616430613539336639333330
31376334623937313566663839326134653366623264343865633031366339643433653365333365
32613531663861616366323436626430303830666439306435323561396634333535323464306533
64373061346135656632363666383362313731376132313736353839323136353432643138656463
65383237643362353734313566386535643933373665316166303561653065643237663234636139
64636261653134616263336462363166333865353166383639636262313535626561643631396530
38643763343266326661383065626131333333356364623337636632373536393132343531323531
63653632663363333662393135303334663934316530313131393661323733343561646266636366
61663866363032376233643861383461373333383031306631373562636432633537343731633166
39383335303162636232386564306639316139643932316364623832623465333035316634366332
62613135376663626336643665396163303064366431306434343339623263633538323331373862
33663862346265646266306634616634346165323234313765306437333463666166663563373730
65303766356630336432663266636430373662393166373763343132323864653266386463343064
37363837373632393062333862376663663134326130343663636533353539333965363736653463
33383861363135393133623437626661386130336431663233393566376434356463393361653738
33643536623739316262663431623933323139646633303464623664313535383065666130333963
38613066353337383030363062366135656166353464393766363439646639626238623865633161
62353362323238363931303961623965343739643363653662636338333635663764383462346231
63303137613762653464313537643064356232663164623835336165653634656565326365313332
31346532653133613432623932303232373235626332306637353931633466663337363138303631
64623163323530313937353034353064613337343363303337393366353039323030343730303934
35303034646666303664623066626263613830646630643135356463643832643762613131363833
62646230346634346533393631623535663236346465613633663035376564323162353736633062
65623338336139656266353832373666316462643235383834356537356133356637313830323036
30313436386665643664343663626234323464396562666662643236643565316166316166353163
33346462373130373036643432633364643232366561353937643864373636366561663830363430
66363230373264306139323066376135626562616462363030623833333836613861303730633934
37353439643031336535633466613162373263623430623637343731333466353834376536336362
61353262633564323239633664326332613336313532626266303239636633333832623831633938
31313836316533396364303566616661323366666434656264333738366465386564646130353936
38303264363530383936366135353834616139336262386535643463313265666165356262323762
30623635326331346262656235633939666635313230623732616462323230313934633161313236
35656230653930376332383637313634366264393236393230313135366239663638326538656264
35613936386261633835333665396661643535623462336664646638656431303361323966346438
63663133353463323666343934373637373936636632353937356264613437383861373261633537
38616464373635646264373066623938353861313635656563666334623161616339346634643333
33363231316437666361393336363439646437636635663234643965313937343536313066663034
31666539666432376161663832393462633435346630376139326335646364636432326539366466
37326638643964313266313339303336633237613430653837643766623133376438636164643862
35613736313139303135636465336131656663306230313230383961623630633531333462383464
63653534323962336662326334653839336261313737393764386337363232373432306633323362
33646133373463646564363263613833653935323761653732363733303534626136316564373766
36396232636136626331376632643631363230653333366333313532313935356461646530623633
38653834323736323934333534363333646337333865633934356161343035636563366164303863
61303230383665636164303533353166333766623238636362373663343730663034306235636632
31383336313839656138396331346431656464666165323739323135623638386636306631623661
33633064343030323930626136653438656132333464653236643932343161636363393437633464
30383233356439386432623030396561333632363864613034623361613338353739353966353033
65303266383863383663616661643964636266336438363631316335636639323831633365313235
35663238316136303365386566653465303934383833633136343933376239643862373966323364
64336236623764356237316233663433383736376634646262306265643534303435343435666130
33343336373363386235623161313265366666666231346461346237656337343466386431353265
35363265663865313064343366303233643765333564393430353130343533633561373964393136
34376364613232343838613136306130633137333463633562326465626630333634363038623565
65386261393130316632643861396534636133393766643165623663623633633865643765336138
62613638363835663531336233323366393266653439363161613530613934393730613031653735
61666235613164386231306534306465346536353434386436313961646430663336313662363062
32633832373962343561333730643137313362386233326261653530303437353936613862663836
31653363376566643138333531376337386139623162663732356332633938386136366463376630
34633230333830346535353663666238353565313463323564316263656438313063326637383165
66653132633535663031623935343235303132346532336432656665323830373039393936633039
37316334383130616261336465633534663532656137393561363934393362613362323265343861
30646266313038323364626432326539353265353137623266323764373063633833326536646631
31343861353138313334646333636631393735303833616537383665653532636563383231653133
35613536346266393037646530636561636131333339376438366165373939666331323265336538
66666462376462393764356434353862386137336536393238653364383830656264616538613263
30666662666235613036653539656166623864313734386639633761626331633562633863323239
33383339323435393565356130376535396436376539316466383533626634343838666236363238
33646435393932303736363364386637623534626531313231386462316137343737353034303461
63396139343535643235626333666535393166373062653136356331623930666463366337393264
63306465613937316338393239663135326265316562636265613536663461633764386266643638
36326530306461343735363961363563343839363135343235316531353832396536663266383764
32346265643131363962333233623162393466663862303332653934383832323031656438396132
32633462663730303566643863376532326665386339623765366532343231303633376132306134
34363334326633343131376363376330316231653130386665376162313262613532333231616536
34613234356662316635643865376239323964656136633666356133373661386462376630363538
61393136613062643339306636653365623863373539636133383536383835353964663537653665
32373233616630353539373265363434646362346638303436336362393539643830303061376361
62323134386439636662623337373336316566646137656266383461306439303739376464323034
30353266633839656265386135363230616431643633303132653836333138303433393235333334
63663731643435623035616566356339313734386561356230306537313839323562353230306138
35303236653536643762393632376531366332323764663830393131333862393936663365393338
36613633366164343536353235396132333332366231613631386338353930393361326437343465
63376339636365383439343535653962316137373163633834326134636636623231323439333930
35636164373562656133663162366265386666616664316661326438633163373930346362313764
63623836323639316136386531326263396463623764316364636365326362353361653130346166
35366366643061393066303766323762393661363034306533633733636264353036653065663335
37343831653136393836666561633261366130643737636232303132653634376337346634383036
36373265393830336164396337356262643137663931396665303934346366326234316435363439
34623837616239663864366562353166306334633735393135333338633965333536323435333362
36356539666233636461396665353134303332646264663435303136643961663039386266373735
32373936623562353430653663656161383466633838386461303965643063613939663237373665
32663732613031643230373039333266633137363133396433303464313366643566623535363830
32383930306131653466633833316565383639366130643332313765376631353430366632313630
34313337306238366137646636343131313163623938353232616161343866353531623266623831
63373061326630633936313031316366343966653334373238653163336537616636616235383866
64306233383735343066386632313665633264363036356335363436646533373266393430656663
66666531323666303162626635383564613933363333613863306336636665326133633338333834
64636266663732303662373663646335343064636532376563373731616234383436396535383561
36336631393936616634663733346634336237386230366636323565393130616232326332323432
38646463333235333333633039656664366631386431303033336663653064623462363237376535
36306537386638363631326263633730323831303065313234393636306334383935306635323465
37346262303663346537376133373837366665366137333831656337303237386330633934393666
38386434313630653062663531366362376665623739363964663835343161636335363335656633
66343634653862353531633835373138633437313135666538343564656234643266343066343631
37623662333534633564353136623738343830653166356561633064363036636130633732363033
33376238646165306339393761316566623733303731363335633034623931313061306530623664
39326534613162313630633831616134306130303539656232663762396630653562336664366162
61646265323264393531626135633435663634323061623861363931623337613238353566666230
32336564663663353233356532323863653662333238336666636365653835323432633536663163
65653730343131353861626462653761303364373836396463343438336432363732316539636261
39643731366139623362343733366334323133343861633738666564323265613733383237373264
30656131313163656633643837316232663864653735336331613936316330386436313136313566
65353863366163316131346263316161343435663131333361336236653863363763303732336134
35326639663165313935323463613162313365333532383362353238336339633336323266636666
39623833656561653137363264613063323661643532613062666162363939386535623237333334
63633762653464356132306161386336666438643231343037613162376162626634393164343832
35386137643462366339623861363131313864363335323339393337396234343331656265643166
66653835333533353937373563393032646164363737376363653962383761356463363365616666
63616261626539666163383033306535626630313965333663343130613633343532303662383234
61646539363665383864333161393135616334393864643263616238663336626361383565373139
62393866663062386532386136343838396466643339313264396532613837316562336630643766
64336365636531373930383034643737646337646534393561386463363634323639396438303161
65393336353464663239366365313366373361363463356230313866633864623261306462616466
62353162613166343439306636633234376139316565643563366633326438346161363038616661
34313365653137663938366539333566313831663637313863623730653764346439613066633731
65383663616431323464393062663262303963643963363734343635623737383530323266346266
30663466303661316433363930323365303932633438363033643738633362386562393333356234
66356266333564356362316433636530363238633736353231333864373061386336633136303664
30376439353634643331373432663666336633643764333033383132333466383836626163666431
39626265316361653037373434366434356333643236623365613137386138356136323664623733
61653634316536383465343033343964303736313138303564633134643864356366353938383666
62363966303861323939386362393165303836666366356634663266646431366232326136313666
63383361336237646639396635323262383165343433636536643832383761626438616535616534
61396134646266303630653365363738653364336537373835633736616638376461393965613034
64343237336637323165323232636164616163313936396639353836366266393261396363396364
31396538353639393539646566613134646235313032373030363865393632393733663436353332
61626262373033643233373436666435663065363038646230353665346134653031636132633738
37373966653638356365323430643630336534366233303438623530653765646138326462613362
61613663383666343036373636623632303261303237623333303263663934306134363031663935
36376238393233633531346165373334363831343131366333353462323263333362323561363639
34343666363138626437303166653630656363313333636232616339346437613530653436633139
36613662616639306432343762383733353330396330343438376636386266313665326239316163
37336535343165303337316331373665326565323164613238363939333536356231336236353433
64316431366234346235303539313435666337363165333036373561393437323436333334613662
65306435353034626363666433383464323663653530636234376662396331383830303330363263
38656337353466396636656135393062653066383735633961623432656561626431323662303063
38336431316533313665303231663833393830383135636362623034383163316230383031393465
36363939343566616461373062353731626263333066623337366536333536363839643436376133
36616534363864313464396534383031313332623033366364636338313031363337303665326230
65623836343230363565336162343837333935626264643038323832663733303331343330306565
34366434386264383233336635343734636662646237653436393735613535326635366564386135
65376663343165383136373535653562393533656163343830373331333161643138366138616561
36383234643634623735313937613466353131333032363937653666386131363836613638373065
63656663666665353363613534333864306264376536643466626339323737616236646566646563
63653731346264656562313764386563313563623964346663323835303864643832666462343964
36343031386333666466616263336438623938343335323266353533393234333466353461356362
65333561343830313662303337626235613338636235306430376533656361363461383333383535
66373839363864313433303961353238643161346366616132376335636431663031633636633231
36653133393865643166636238363435326133353334336366623461613731303637653838326632
38333333616564353730626430646437653736663463646662383434303264663166373437613064
64633734613861663937326438653136373039616631376533316131346362623037646365306564
62353963386638343161386362373736306635653631373866386461393031313065646434353661
63626663363133666235613833343564333932333338393935383161376235363864396162613266
62613839646633626636326333346533636639376134663336663231313236353034386436333738
31663463353039363365346536616439633630646163656131363937613461636564346335326137
62646135333865326432323433366665353965376230613830666363326564646562333134613933
37393330666230383162333938373364336464363539366636393731306566326334346233653737
66663964643333316562363964646264643263633334373066613034393537616133666335653533
62383164393066323163653438383733313439353666623232396232396233346539366338366138
36313162303364643439653336623331386539353666343334313937656634303437656366313066
62666238346661396337323163326331333233353230343930653633643133386337663866656237
37666333653661343630313366643066616162313539393063376534396165326539313061373131
38373239613865613730613735666265663333306631663836303833363236636130646366343765
39643761326333626362386263616439363664333436396265376236633862393764636438346164
38303131393263666137646131643631623061613933343162326635653639643731663562626263
36666332303730666632616537653866646231623966376531356435376162393134343263393938
37663835663531646333343830303837316265303430633261633532646336373061326631323366
62613662663234386365636637663031303630636334636139373830346631633134393931326662
32653735646163343064363262336232326138383332353035353463643237316563326562653639
37326461663035643264316537386133613830623939306532366630383064313037343162393034
39663634666163313636653639386665613432313161633661393838383331373632363762363132
33633364343432613635383235666366313233373035386134643662326532663365336431343534
64626133663637393833616566346531326262326165356132336564306438363131323062613433
32613165613034313138356565396638373062383361663739623934613363353239633333653662
36613132366563643431336233343865303461643831383938376662653564363061396665343965
39643662643065316162633066336430383963393665343336373962343236343532646361626235
66333936343762333265616138363361326462653161636261306166383030323034326466363736
30323134323432353564306361326264323336366264393639613936623130373932306435643162
65346430646238633933623732393664306662373436663432393366646637623337383230326364
65393030393934316338623761346463393865613462313031386233633339343630356235313634
39336262646634386363343036333564306636316333376566616138393361656338366637623862
64386163616466303261396235653035396433353730363161613864363734613162646436356530
34616366333736643964366135333436386561396436343965356164376332333038356439376239
37326261303437366662326562653033396239353136313736366536306664316635383064353961
37356261326232663330616231646366303165663464363064623362323039383265376130343033
31393336336534626333643632383265303364646564313961383164613362353038356630313636
32303536343736326534623533336436333865666635366431613134663336303464656362613332
38363532646131373130373131356461366333656132653562336463323236653835383739383662
38623561643137336638316665326132333863666161663437316130623037396264333661343835
65373262396230643662383761316130613139653739386638383837353862323361393165336331
66383763653139353665393563303464303864346437636538326638376261656334393437386638
34666330376335613338636637393536653361663037623132643461376664643234383661343231
65626637306130303061663331373534343531396330663465386364366439303832326635376163
36613636306364323663323338383232383830373863336430666562313363313435313235336164
66633865373866313939363839346161366233356563396666666664613739393430633566666139
39616236323861386137656465626462353030353338303535363037336537633066353431376536
63383531333738363963666238313361343539626632373235363531313966613764313933373038
32636465666631643530386363336665613964373661616537633132653765633161343539376137
63306232613663653239616263363337373561356634626338656439616430303937653138343138
34356230666533666230616239366131643536353031636334393633313262366139306663323234
66663234343662343363393335643034306663333934613862623465383933656330363837366633
64666131366166333463633132356630373538306432316365613731636332313562366633623066
31323731626232386437336637666232646364336539383365326661316535383730366536656366
63333266356263633234353231653166323531373136636137653166363635373238396235666462
38666431633438656237333737326665633132656131643061633032343032383165613861613765
39376133383330356365306363316563353338393065393563653338343230613338666365353835
39636139396231636536653634653236303530313232646232343235653337623438666634616132
38336136643034343232636331303265633633303131333465303534333864396433383762336131
66613636663738656166333633663839613566303839363861636633376563323132326331636130
61633833346361303438643935633962633930386130363533303038623761363433393065386165
37363435663166376337623033326265363439376563646236323432646362316533396339623466
63373736363461336639663735333638653937363465623562316265353366353366663738346461
62343738316264636464333332313866303164396635653166373836326362373432623463653139
35633538326465353464346533633765373434623762306135636539323339343066613166333130
65636665376661393366363531333834313434353733666337343534616362346237303836356330
38396530396363626638326130383635623537336537616432303262393133386138623462646330
65636235643062303439306465366135396334633232393237396666343663343438383538303335
35336430393136616237383962306566666666376134376466323439646366663163323865396565
34366130303435353965363464346535343463306339356238653863376365346538653237323436
64306132393638626132656237336632306437633865353166326434303431613133326161373966
32653038313535363931643338323039666463623264363738303237346135356265376238376262
34623462323432613732383865343637633464343036666363383266363161393039386331386138
32323539353462393438366135303365303639333634633834633937303232636437336334383963
36363066376334643533373664396166386433616162326462303837393866343961646162653538
62346431663962353938303231356566613561393065333861346264363363393532373436323431
66356464666435353134303833323063623631396230366437393565663065313161653663366563
64656138333031373739313266653961666166333335373131633730303437666437323437626363
33353132633431336561613934653163383531313631626530336331656564343737306438636130
61363661316665623137386337613338326537643231383532663466323537333430636136656334
35353230373734306138626537356264656464386265343935366530323133356461306139363165
33316266343263613562663230633035393935363136363637333835376233353031653437633132
35646138326336323235333161386235623736356130643139326466313238303462636432333561
62343630323739353362373638336335356435373334303330663439313738336533343933373836
37646533373035653661363764383365353039353064643734666264636635363437376531353664
64303137386333366134666264346534386161613161343138656165656634376133386361393035
34376637363538376639386564333162613639396338613236343762643066313830346331313432
34613966626439646630623030623239333738623035643432643434626231626530396434333065
62353138666436653562306564383730386265306365326263653735376639393037356131303837
34396338366532363838326165343736636431396666356138383766643466396133333761636563
61633161366463646638303631333438666662313537393464376333643738323032616362343962
35666437666462326561396639663166373964626138343133373838343034343164663264626533
65343165393362613062386433313163313332616531363535623335633135643437343532376632
34336632353362353333623665643462393731646465353062343132396333643832353561623035
65386266626366313939393635303166396465623766393730323464393134363130393561656337
63663265323534666135646631346464316230643837333331623364626662343764323235636163
63613962633637656431623035653538313165333064373566376465633537653863333638343863
62656561343064643563633134336435346364366335326431303465313031626262333764666636
34663637373830353866613064666633326361383662666261303437386461303061313532316262
30663637646632373465646366663537626262646337383431346536303861663634626639346338
66323035346663613561376162343862313132356333396637303335333038383036396532366434
31386532646261623231373838323435386139363163353532633564386234333035653765386532
64623630353562333263306432636130386631326337646561376431373434386333313935326339
37313765353633353063346139346530373563343132666161383338386639373136316239636636
62383438663338343064363735373034616231373937373063656339383162653236623236313732
39383362376536613735396638326363366537346564316132656164626637333963323732323638
37333133313931393337633933646631393963383962666530663565393765386139633161653164
38386566326638663839653732313766643639373934366639373762373133346161303732613430
39363833386137656361316138386333633761366661633332366666653731373037623237623234
34633737633830656138393638646537363737613439303562663637616232346131616137343765
30323663376639383037316132633035346534386339386362393565653031376233323464366466
64343462656166636365663834313130613536346533333266383831323765366434356536306361
62323165633631376462383330313439623535303930393465633539626138373131316130313230
38373661643964326638366663313836616164376336366537373035343132343263646333623232
61623337656232383633636336633539643638323939633836353833353163643861623731613631
32303738313765353736396637336634383236353464363038373031366438386330346266313935
62353165626666663235356131616438323232376531633164306337323261303334643465363336
61666636373435653635626438353834356339356439333535363836343761663665353932653765
62343463373962373232373531376132376239616133643363613765306363396330633261343135
61643038343963346264326362343162383730306434663164663661626433333539623937613766
39323164346533633933653038306331393837613266383061333934353838343563363261363830
32633837393733333237313664306661666239666230626635643033383466666663373032303466
64386133663934636165663563646665343239363163366663303134396162353932616561643131
33303133633663306263323833663939653262656662363837663438333034373336303965643339
37353661366331336361373562653961343932653165346366663036653463353932303263613730
63656636363530373466346339383436336634633030393134646532373064353332313366366666
39373235613035366133353533316634636131643064393135643336333435376539396237393439
30353761323766353833393764343738356631633061343536363538316136353534633366323433
37636132383135383533326631343661613430653834313362363438396431306434643830333764
39643532313031623334313938643334623938643133643231303539383634363131393166373438
39323237653662323962643136623764643939313463333332623761333932353933376232353132
36656664383839323463643730663032323466623032663262636437313234316563376634373563
61653233323031393964633438346634373539346130386664336366623965613731316261353464
62373464313161343666613764653438383664613134633135353230633364653231626534636535
66313064626665643431393231636631636436646232326431356539633335313233643131303039
37383339643435313433346139363030633934626237613635343530386532393237326261656466
61333936393830313939633966366266383264663862626366316333343837663731613132336133
63353038623030313439333839303438636436303736636434353433366335323231313465626333
61373436663461306136363239653164633365373565323564323930653866383030623064626465
37613234663532366162653233386361666466373035633961626266373761613139386239626665
66323936366137623166333938383437646565343839383664613864393334313636
